8.000000000000000167e-03 8.000000000000001901e-03
2.325011578719441557e-02 2.325011578719441557e-02
4.524868792242939947e-02 4.524868792242939947e-02
7.369111474839165621e-02 7.369111474839165621e-02
1.083982272306972250e-01 1.083982272306972111e-01
1.492412268813546050e-01 1.492412268813546050e-01
1.960752991349967722e-01 1.960752991349967722e-01
2.486889970944366202e-01 2.486889970944366202e-01
3.067720957048254982e-01 3.067720957048254982e-01
3.699012535287930503e-01 3.699012535287930503e-01
4.375406226780108043e-01 4.375406226780108043e-01
5.090534462322395814e-01 5.090534462322395814e-01
5.837204764913599409e-01 5.837204764913599409e-01
6.607614766560216957e-01 6.607614766560216957e-01
7.393568685576512589e-01 7.393568685576512589e-01
8.186675291194891457e-01 8.186675291194891457e-01
8.978516425128235667e-01 8.978516425128235667e-01
9.760782693334764115e-01 9.760782693334764115e-01
1.052537842096635146e+00 1.052537842096635146e+00
1.126450128421518704e+00 1.126450128421518704e+00
1.197070343098751710e+00 1.197070343098751710e+00
1.263694080647525864e+00 1.263694080647525864e+00
1.325661630883024245e+00 1.325661630883024245e+00
1.382362079183880876e+00 1.382362079183880876e+00
1.433237420233369974e+00 1.433237420233369974e+00
1.477786757657901573e+00 1.477786757657901573e+00
1.515570539401779770e+00 1.515570539401779770e+00
1.546214696894642637e+00 1.546214696894642637e+00
1.569414514246409098e+00 1.569414514246409098e+00
1.584938045768524928e+00 1.584938045768524928e+00
1.592628917279402367e+00 1.592628917279402367e+00
1.592408379485823255e+00 1.592408379485823255e+00
1.584276521691580841e+00 1.584276521691580841e+00
1.568312594388508563e+00 1.568312594388508563e+00
1.544674425282363428e+00 1.544674425282363428e+00
1.513596942425958547e+00 1.513596942425958547e+00
1.475389839560928840e+00 1.475389839560928840e+00
1.430434432988458848e+00 1.430434432988458848e+00
1.379179767580267058e+00 1.379179767580267058e+00
1.322138033541977675e+00 1.322138033541977675e+00
1.259879356894514579e+00 1.259879356894514579e+00
1.193026026755054092e+00 1.193026026755054092e+00
1.122246222425808737e+00 1.122246222425808737e+00
1.048247303687585896e+00 1.048247303687585896e+00
9.717687288311258609e-01 9.717687288311258609e-01
8.935746668356392419e-01 8.935746668356392419e-01
8.144463725124457820e-01 8.144463725124457820e-01
7.351743960534399269e-01 7.351743960534399269e-01
6.565507009080616685e-01 6.565507009080616685e-01
5.793607659333104287e-01 5.793607659333104287e-01
4.939662759196539743e-01 1.307859534839240556e+00
4.562330168346518944e-01 1.299002476059962774e-01
3.501222495585041283e-01 1.311586016047277869e+00
3.008053350358538269e-01 5.490438622713820216e-01
2.290721777927058889e-01 1.107354544792312101e+00
1.954931457284739271e-01 7.448385645420509960e-01
1.543367432483794821e-01 1.023228735468630024e+00
1.328714499925680304e-01 8.226923008554326566e-01
1.055805927185930609e-01 9.856409346791161763e-01
8.911046099939951004e-02 8.616531614412704654e-01
6.923241820438412464e-02 9.633486685369800906e-01
5.779571130408862889e-02 8.862001396171141909e-01
4.723069979277901009e-02 9.452940482060607774e-01
4.551109814897996014e-02 8.996807408002894801e-01
4.889757628335807821e-02 9.262094691209875608e-01
6.180198638771638303e-02 8.997074649423372206e-01
8.244767828677104782e-02 9.030486456222363012e-01
1.124544940771595447e-01 8.852772291429533702e-01
1.508553104064375150e-01 8.742928159757930029e-01
1.975223123255992475e-01 8.586228904657369210e-01
2.517305749620536992e-01 8.400428932030750140e-01
3.125025028917817749e-01 8.239775180415116473e-01
3.791971660790485754e-01 8.018715169466763548e-01
4.505194385197520690e-01 7.858135449353703672e-01
5.259651726027031460e-01 7.620254359873035455e-01
6.040853742732285037e-01 7.479961096811441612e-01
6.846760277309041909e-01 7.222901188987204124e-01
7.659622629073882250e-01 7.140983874593831437e-01
8.484321421422210685e-01 6.824961670026463700e-01
9.292748085111962597e-01 6.894958220046663033e-01
1.010913070605852448e+00 6.364632638102716289e-01
1.087094284342178918e+00 6.896941388496119485e-01
1.166738423931243274e+00 5.543972564847426954e-01
1.230744140498439165e+00 7.769724208702046830e-01
1.312701059342709309e+00 2.977832151867098598e-01
1.340459286287420282e+00 1.188704341495216754e+00
1.427011853475036673e+00 -5.890175332471876413e-01
1.413391375272273764e+00 8.642620976938675259e-01
1.460178312325183025e+00 6.645743780651882648e-01
1.519488744576869665e+00 2.842516267302100386e-01
1.527728431257286967e+00 1.295314905491407043e+00
1.597214619101620769e+00 -9.244889804442211201e-01
1.580805608615432511e+00 1.265359383783368763e-01
1.514850429460061987e+00 2.574122051040264036e+00
1.418722249041892036e+00 3.400005927712483889e-01
1.355146145548247194e+00 1.505939157782573146e-01
1.295424093445637803e+00 1.845845450942253940e+00
1.308099863448753508e+00 -9.666255274698047906e-01
1.309067500336269063e+00 -6.089851687936613800e-01
1.269555946546584879e+00 2.203645747189370674e+00
1.242180175983261803e+00 -8.838071004294878463e-02
1.180628922794400015e+00 9.273822891153906678e-01
1.210545695657588627e+00 6.270754216151983584e-01
1.250652593337598928e+00 7.018282906795949572e-01
1.289294953489751538e+00 6.659210277204155037e-01
1.304056838934222418e+00 6.701610652258278567e-01
1.287765923662865353e+00 6.630721602644121804e-01
1.237633121588583851e+00 6.858241826412678765e-01
1.159539453539237375e+00 6.714209034928614317e-01
1.056178984285444322e+00 7.525317019851482936e-01
9.439975127211418515e-01 6.594025237400893413e-01
8.149830608107956342e-01 9.064046830182351799e-01
7.033357611806833054e-01 5.530540310240685820e-01
5.664290638806309675e-01 1.184122911114462218e+00
4.733261104673361919e-01 3.401036695294791246e-01
3.344173244497971043e-01 1.393142087804596585e+00
2.547538488709215621e-01 4.023542541559622654e-01
1.446515149386091159e-01 1.305401134930234797e+00
9.533010908930933391e-02 7.010226744087411088e-01
4.424818976055247544e-02 1.135843996933942446e+00
3.057542371935261655e-02 8.739023530243750226e-01
2.017376994356577524e-02 1.022537013666360517e+00
2.347485497791951953e-02 9.447680720498728979e-01
2.811294660738297702e-02 9.578140140249522538e-01
3.427250492299799278e-02 9.644745752778159931e-01
4.234241798321308758e-02 9.257073675590328232e-01
4.975616395960798244e-02 9.610898369525247009e-01
6.217579563522283859e-02 9.099102148541140522e-01
7.655039316165322683e-02 9.457844300576264684e-01
9.911381542621189311e-02 8.965187650715766843e-01
1.266924682034538119e-01 9.218817273013875102e-01
1.640570690641293405e-01 8.766350287617299397e-01
2.078166098945517237e-01 8.909140170764683342e-01
2.610987019551986310e-01 8.470718799390660747e-01
3.201701531617164864e-01 8.552838642270361724e-01
3.872904827571337916e-01 8.086979711025172879e-01
4.581571069906775762e-01 8.190524450192179229e-01
5.353557219569168302e-01 7.630808349560657122e-01
6.133005015605930144e-01 7.888116892835621563e-01
6.966902777155259407e-01 7.075882230848669074e-01
7.764684827299384029e-01 7.781127549049652314e-01
8.634172969302345013e-01 6.241463273027372249e-01
9.381250907510263470e-01 8.260254272048650481e-01
1.029313693262641438e+00 4.389372054755687480e-01
1.083805157802342878e+00 1.057248992526309994e+00
1.182585720139114782e+00 -8.782871349303444930e-02
1.187226853180380903e+00 1.415252266604830611e+00
1.262154222849799279e+00 -5.195429684288535022e-01
1.257168498624002595e+00 7.876712445556350861e-01
1.312834120231425761e+00 1.010466179140351528e+00
1.423642180077708819e+00 -3.602566647274261236e-01
1.427262354413899148e+00 1.455766373666405267e+00
1.500594906806464124e+00 -6.191326155496008621e-01
1.484282418702139505e+00 8.325814002976301698e-01
1.531708475528926749e+00 8.256488508657752190e-01
1.611423829782512529e+00 -6.382304796887239284e-02
1.584365894605011427e+00 1.792599016598338535e+00
1.585806448407393487e+00 -1.149350891734853830e+00
1.549430993106369003e+00 -8.621627920641206089e-01
1.467787712249635002e+00 1.897537526402702568e+00
1.428900248009016938e+00 -4.392129409280136620e-01
1.332784912573313107e+00 9.935392271283267629e-01
1.338760966278050635e+00 6.003560042773370409e-01
1.358340831706783325e+00 7.147840979874755529e-01
1.389093420999441886e+00 6.494684345186855223e-01
1.403623231018600093e+00 7.200049714840909276e-01
1.402534514697864276e+00 5.636148865579151401e-01
1.357905009034871435e+00 9.184301361359847871e-01
1.317729717350401897e+00 1.486789747786997351e-01
1.176106218177839224e+00 1.639066341616986389e+00
1.064717409972047113e+00 -6.363671599593523354e-01
8.843895042351210822e-01 4.349725698312909561e-01
7.124909077556093040e-01 2.335032944522728471e+00
5.469841237647028453e-01 1.512290337257571338e-01
3.848018520666559583e-01 9.038302788426456624e-01
3.116714639265444342e-01 1.424053966457770937e+00
3.143321167921344639e-01 1.851473628583515385e-01
2.682426320464673108e-01 1.462948609425061663e+00
2.779331361867995454e-01 5.913859593969388317e-01
2.620829972287212484e-01 1.160742407706414792e+00
2.727560666284308821e-01 7.673165110074191553e-01
2.615580780155589147e-01 1.058673487679971270e+00
2.556851941084816171e-01 7.992487567822565975e-01
2.266476954070547889e-01 1.051670994843768803e+00
2.025090811450260819e-01 7.997569417546558368e-01
1.598777488478387854e-01 1.076349287373712826e+00
1.308621242874433432e-01 8.065907299672152586e-01
9.126593255258036441e-02 1.094142193211941505e+00
7.333096062961713679e-02 8.282729543341558198e-01
5.233701404207966729e-02 1.084476975578003710e+00
5.577201151209197627e-02 8.546324824787064900e-01
6.095613820077971923e-02 1.048880180177634402e+00
8.819873875019400289e-02 8.682193466363063994e-01
1.186381134628891332e-01 1.001050594353164014e+00
1.663886059819399410e-01 8.593395713669633729e-01
2.162958552437919679e-01 9.535028940935690311e-01
2.791992702538437232e-01 8.286358723696234385e-01
3.418890947962217597e-01 9.141825240743690628e-01
4.152773899217301334e-01 7.790218822217667149e-01
4.850093568629230689e-01 8.914945707313493006e-01
